0 0.5595703125 0.7197265625 0.044921875 0.052734375
0 0.181640625 0.8056640625 0.08984375 0.068359375
0 0.6708984375 0.513671875 0.068359375 0.09375
0 0.65625 0.310546875 0.0546875 0.05859375
0 0.287109375 0.2021484375 0.11328125 0.076171875
0 0.494140625 0.703125 0.05859375 0.05859375
0 0.1376953125 0.5927734375 0.103515625 0.095703125
0 0.458984375 0.4814453125 0.08203125 0.083984375
0 0.8125 0.3701171875 0.140625 0.091796875
1 0.2783203125 0.8955078125 0.126953125 0.197265625
2 0.2470703125 0.58203125 0.072265625 0.08984375
2 0.369140625 0.52734375 0.08203125 0.06640625
2 0.1357421875 0.3994140625 0.087890625 0.083984375
2 0.6474609375 0.470703125 0.103515625 0.08984375
2 0.4580078125 0.59765625 0.068359375 0.05859375
2 0.8173828125 0.6318359375 0.158203125 0.146484375
2 0.7607421875 0.8876953125 0.080078125 0.138671875
