0 0.3828125 0.7021484375 0.0625 0.064453125
0 0.181640625 0.1806640625 0.0625 0.083984375
0 0.376953125 0.63671875 0.1015625 0.11328125
1 0.578125 0.423828125 0.09765625 0.0703125
1 0.0947265625 0.353515625 0.189453125 0.14453125
1 0.732421875 0.255859375 0.16015625 0.109375
1 0.626953125 0.8369140625 0.0703125 0.119140625
1 0.1796875 0.8046875 0.0625 0.08984375
2 0.7607421875 0.4873046875 0.150390625 0.095703125
2 0.671875 0.7119140625 0.06640625 0.072265625
2 0.326171875 0.3720703125 0.0703125 0.068359375
2 0.0576171875 0.84765625 0.115234375 0.140625
2 0.2744140625 0.4794921875 0.080078125 0.052734375
2 0.3076171875 0.2353515625 0.146484375 0.091796875
