0 0.3232421875 0.265625 0.080078125 0.078125
0 0.708984375 0.63671875 0.0703125 0.06640625
0 0.09765625 0.1416015625 0.08984375 0.087890625
0 0.2568359375 0.47265625 0.068359375 0.06640625
0 0.6240234375 0.259765625 0.068359375 0.11328125
0 0.7529296875 0.9404296875 0.115234375 0.115234375
0 0.2265625 0.66015625 0.05859375 0.04296875
1 0.494140625 0.2998046875 0.125 0.099609375
1 0.623046875 0.591796875 0.04296875 0.06640625
1 0.3310546875 0.6875 0.068359375 0.1015625
1 0.5888671875 0.736328125 0.080078125 0.0625
2 0.39453125 0.53125 0.1015625 0.0703125
2 0.4208984375 0.326171875 0.080078125 0.08203125
2 0.484375 0.8974609375 0.078125 0.107421875
2 0.6728515625 0.154296875 0.119140625 0.109375
2 0.720703125 0.5673828125 0.08203125 0.119140625
2 0.751953125 0.384765625 0.0703125 0.05859375
2 0.779296875 0.451171875 0.109375 0.078125
2 0.8896484375 0.2900390625 0.216796875 0.197265625
2 0.4404296875 0.63671875 0.099609375 0.09765625
2 0.86328125 0.869140625 0.09765625 0.06640625
