0 0.2275390625 0.423828125 0.099609375 0.109375
0 0.2294921875 0.22265625 0.091796875 0.078125
0 0.3232421875 0.654296875 0.056640625 0.0546875
0 0.763671875 0.42578125 0.06640625 0.09375
0 0.5078125 0.6962890625 0.0625 0.072265625
0 0.734375 0.8271484375 0.13671875 0.115234375
0 0.1943359375 0.900390625 0.123046875 0.1953125
1 0.7646484375 0.6494140625 0.099609375 0.126953125
1 0.2294921875 0.1279296875 0.091796875 0.123046875
1 0.572265625 0.6318359375 0.0859375 0.119140625
1 0.7373046875 0.392578125 0.134765625 0.11328125
1 0.9609375 0.771484375 0.07421875 0.08984375
1 0.220703125 0.2412109375 0.0703125 0.048828125
1 0.0419921875 0.5849609375 0.083984375 0.080078125
1 0.3525390625 0.5322265625 0.044921875 0.041015625
2 0.5458984375 0.470703125 0.103515625 0.08984375
2 0.7666015625 0.283203125 0.072265625 0.07421875
2 0.4326171875 0.404296875 0.080078125 0.0703125
2 0.357421875 0.5400390625 0.10546875 0.138671875
2 0.7001953125 0.1474609375 0.091796875 0.095703125
2 0.5517578125 0.830078125 0.080078125 0.078125
