0 0.7236328125 0.6201171875 0.115234375 0.095703125
0 0.3203125 0.23046875 0.10546875 0.109375
0 0.6611328125 0.28515625 0.068359375 0.078125
0 0.673828125 0.8037109375 0.078125 0.095703125
0 0.1005859375 0.193359375 0.076171875 0.09765625
0 0.529296875 0.802734375 0.05078125 0.09375
0 0.3095703125 0.7666015625 0.048828125 0.048828125
1 0.248046875 0.423828125 0.09375 0.12109375
1 0.25 0.6748046875 0.078125 0.099609375
1 0.5009765625 0.2314453125 0.107421875 0.115234375
2 0.2939453125 0.82421875 0.076171875 0.078125
2 0.634765625 0.62109375 0.06640625 0.04296875
2 0.4482421875 0.634765625 0.060546875 0.07421875
2 0.4833984375 0.7490234375 0.072265625 0.068359375
2 0.3916015625 0.421875 0.052734375 0.05859375
2 0.794921875 0.3701171875 0.08984375 0.115234375
2 0.7734375 0.61328125 0.0625 0.08203125
2 0.810546875 0.369140625 0.0703125 0.08984375
2 0.1318359375 0.763671875 0.166015625 0.140625
2 0.6513671875 0.443359375 0.072265625 0.0546875
2 0.693359375 0.2919921875 0.09375 0.072265625
2 0.580078125 0.2744140625 0.078125 0.087890625
2 0.841796875 0.6611328125 0.14453125 0.091796875
