0 0.5419921875 0.7060546875 0.083984375 0.068359375
0 0.158203125 0.357421875 0.1328125 0.10546875
0 0.2197265625 0.59765625 0.076171875 0.078125
0 0.41796875 0.369140625 0.05859375 0.06640625
0 0.7919921875 0.1103515625 0.166015625 0.181640625
0 0.5498046875 0.271484375 0.056640625 0.05859375
0 0.7158203125 0.7900390625 0.044921875 0.064453125
0 0.5048828125 0.357421875 0.060546875 0.08203125
0 0.4833984375 0.1279296875 0.126953125 0.169921875
0 0.685546875 0.818359375 0.1796875 0.11328125
1 0.326171875 0.57421875 0.07421875 0.05859375
1 0.583984375 0.5849609375 0.10546875 0.080078125
1 0.2646484375 0.853515625 0.095703125 0.1015625
1 0.693359375 0.6279296875 0.109375 0.080078125
1 0.3349609375 0.5234375 0.111328125 0.125
1 0.31640625 0.7158203125 0.0625 0.056640625
2 0.666015625 0.3466796875 0.05859375 0.068359375
2 0.17578125 0.244140625 0.15234375 0.1171875
2 0.712890625 0.6455078125 0.078125 0.060546875
2 0.880859375 0.1005859375 0.11328125 0.185546875
